
EDGES TABLE (nodes = 1, tmult = 16)

cores/edges	20000	40000	80000	160000	320000
1 vote	2.639870	2.017430	8.875745	17.518568	13.872734
2 vote	1.453010	1.079458	5.116120	9.453194	7.302959
4 vote	0.284991	0.580049	2.418864	4.650655	3.921911
8 vote	0.241927	0.412811	2.298274	2.297302	3.155117
16 vote	0.140688	0.539716	1.066897	2.444291	1.835639
1 speedup	1.000000	1.000000	1.000000	1.000000	1.000000
2 speedup	1.816828	1.868929	1.734859	1.853190	1.899604
4 speedup	9.262983	3.478035	3.669387	3.766903	3.537239
8 speedup	10.911857	4.887052	3.861918	7.625714	4.396900
16 speedup	18.764026	3.737944	8.319219	7.167135	7.557440
1 efficiency	1.000000	1.000000	1.000000	1.000000	1.000000
2 efficiency	0.908414	0.934464	0.867429	0.926595	0.949802
4 efficiency	2.315746	0.869509	0.917347	0.941726	0.884310
8 efficiency	1.363982	0.610881	0.482740	0.953214	0.549612
16 efficiency	1.172752	0.233622	0.519951	0.447946	0.472340

EDGES TABLE (nodes = 2, tmult = 16)

cores/edges	20000	40000	80000	160000	320000
1 vote	2.385703	5.860353	9.195232	17.213216	32.381615
2 vote	1.213724	2.834854	4.375039	8.905882	17.408373
4 vote	0.851385	1.649191	3.131303	7.135652	9.652531
8 vote	0.617750	0.878406	1.736010	3.163766	5.729057
16 vote	0.278690	0.539422	1.050279	1.242668	3.508976
1 speedup	1.000000	1.000000	1.000000	1.000000	1.000000
2 speedup	1.965606	2.067250	2.101748	1.932792	1.860117
4 speedup	2.802142	3.553471	2.936552	2.412283	3.354728
8 speedup	3.861923	6.671574	5.296762	5.440735	5.652172
16 speedup	8.560432	10.864126	8.755039	13.851824	9.228222
1 efficiency	1.000000	1.000000	1.000000	1.000000	1.000000
2 efficiency	0.982803	1.033625	1.050874	0.966396	0.930059
4 efficiency	0.700536	0.888368	0.734138	0.603071	0.838682
8 efficiency	0.482740	0.833947	0.662095	0.680092	0.706522
16 efficiency	0.535027	0.679008	0.547190	0.865739	0.576764

EDGES TABLE (nodes = 4, tmult = 16)

cores/edges	20000	40000	80000	160000	320000
1 vote	3.190000	5.670705	11.145190	20.913586	31.298869
2 vote	1.732718	3.158250	6.592436	10.883339	22.851420
4 vote	0.912524	1.640780	3.631361	5.754982	9.413730
8 vote	0.493941	1.274112	2.041806	3.143886	5.554487
16 vote	0.353825	0.507055	1.224381	1.721691	3.487836
1 speedup	1.000000	1.000000	1.000000	1.000000	1.000000
2 speedup	1.841038	1.795521	1.690603	1.921615	1.369668
4 speedup	3.495798	3.456103	3.069150	3.633997	3.324810
8 speedup	6.458256	4.450711	5.458496	6.652144	5.634880
16 speedup	9.015754	11.183607	9.102716	12.147119	8.973721
1 efficiency	1.000000	1.000000	1.000000	1.000000	1.000000
2 efficiency	0.920519	0.897760	0.845301	0.960807	0.684834
4 efficiency	0.873949	0.864026	0.767287	0.908499	0.831203
8 efficiency	0.807282	0.556339	0.682312	0.831518	0.704360
16 efficiency	0.563485	0.698975	0.568920	0.759195	0.560858

EDGES TABLE (nodes = 8, tmult = 16)

cores/edges	20000	40000	80000	160000	320000
1 vote	3.994523	6.481300	12.848762	25.419996	52.682357
2 vote	1.661676	3.217789	6.291972	11.634434	37.586291
4 vote	0.328744	2.209592	5.724397	4.807172	9.008846
8 vote	0.568056	1.144388	1.517289	2.735541	2.256752
16 vote	0.361962	0.704478	1.366274	3.231899	2.120022
1 speedup	1.000000	1.000000	1.000000	1.000000	1.000000
2 speedup	2.403911	2.014209	2.042088	2.184893	1.401638
4 speedup	12.150872	2.933256	2.244562	5.287931	5.847847
8 speedup	7.031923	5.663552	8.468235	9.292492	23.344325
16 speedup	11.035765	9.200139	9.404232	7.865344	24.849914
1 efficiency	1.000000	1.000000	1.000000	1.000000	1.000000
2 efficiency	1.201956	1.007105	1.021044	1.092447	0.700819
4 efficiency	3.037718	0.733314	0.561140	1.321983	1.461962
8 efficiency	0.878990	0.707944	1.058529	1.161561	2.918041
16 efficiency	0.689735	0.575009	0.587765	0.491584	1.553120

EDGES TABLE (nodes = 16, tmult = 16)

cores/edges	20000	40000	80000	160000	320000
1 vote	3.907367	7.049007	13.463663	32.335307	49.075761
2 vote	1.928966	7.489766	7.531042	12.535849	21.921084
4 vote	0.755420	1.482046	1.855702	11.015129	13.598022
8 vote	0.541791	1.035877	2.011211	4.240781	6.317915
16 vote	0.237390	0.189715	0.369202	1.562305	1.314264
1 speedup	1.000000	1.000000	1.000000	1.000000	1.000000
2 speedup	2.025628	0.941152	1.787756	2.579427	2.238747
4 speedup	5.172440	4.756267	7.255294	2.935536	3.609037
8 speedup	7.211943	6.804868	6.694307	7.624848	7.767715
16 speedup	16.459674	37.155772	36.466910	20.697176	37.340883
1 efficiency	1.000000	1.000000	1.000000	1.000000	1.000000
2 efficiency	1.012814	0.470576	0.893878	1.289713	1.119373
4 efficiency	1.293110	1.189067	1.813823	0.733884	0.902259
8 efficiency	0.901493	0.850609	0.836788	0.953106	0.970964
16 efficiency	1.028730	2.322236	2.279182	1.293573	2.333805

THETA TABLE (nodes = 1, edges = 320000)

cores/theta	1	2	4	8	16
1 vote	1.650489	3.799591	3.375022	6.993682	13.872734
2 vote	0.987511	2.114897	1.887684	3.715862	7.302959
4 vote	0.708700	1.231714	1.117128	2.075787	3.921911
8 vote	0.523483	1.222208	0.840660	1.570632	3.155117
16 vote	0.325317	0.550130	0.992847	1.788982	1.835639
1 speedup	1.000000	1.000000	1.000000	1.000000	1.000000
2 speedup	1.671363	1.796585	1.787917	1.882116	1.899604
4 speedup	2.328898	3.084800	3.021161	3.369172	3.537239
8 speedup	3.152897	3.108792	4.014730	4.452782	4.396900
16 speedup	5.073477	6.906716	3.399338	3.909309	7.557440
1 efficiency	1.000000	1.000000	1.000000	1.000000	1.000000
2 efficiency	0.835682	0.898292	0.893958	0.941058	0.949802
4 efficiency	0.582224	0.771200	0.755290	0.842293	0.884310
8 efficiency	0.394112	0.388599	0.501841	0.556598	0.549612
16 efficiency	0.317092	0.431670	0.212459	0.244332	0.472340

THETA TABLE (nodes = 2, edges = 320000)

cores/theta	1	2	4	8	16
1 vote	1.983276	4.234347	3.520254	17.172996	32.381615
2 vote	0.659638	2.076120	1.909336	8.670470	17.408373
4 vote	0.679633	1.321975	1.236402	2.857652	9.652531
8 vote	0.392813	1.364177	0.724235	2.679045	5.729057
16 vote	0.230735	0.434325	0.813285	1.646160	3.508976
1 speedup	1.000000	1.000000	1.000000	1.000000	1.000000
2 speedup	3.006611	2.039548	1.843706	1.980630	1.860117
4 speedup	2.918158	3.203047	2.847176	6.009478	3.354728
8 speedup	5.048912	3.103957	4.860654	6.410119	5.652172
16 speedup	8.595476	9.749255	4.328440	10.432153	9.228222
1 efficiency	1.000000	1.000000	1.000000	1.000000	1.000000
2 efficiency	1.503306	1.019774	0.921853	0.990315	0.930059
4 efficiency	0.729539	0.800762	0.711794	1.502369	0.838682
8 efficiency	0.631114	0.387995	0.607582	0.801265	0.706522
16 efficiency	0.537217	0.609328	0.270528	0.652010	0.576764

THETA TABLE (nodes = 4, edges = 320000)

cores/theta	1	2	4	8	16
1 vote	1.973884	3.505711	8.053820	15.890398	31.298869
2 vote	1.145568	1.912700	3.965142	9.683476	22.851420
4 vote	0.918067	1.328030	2.513119	6.445307	9.413730
8 vote	0.371305	0.831830	1.567361	3.620482	5.554487
16 vote	0.323442	0.431198	0.840654	3.194608	3.487836
1 speedup	1.000000	1.000000	1.000000	1.000000	1.000000
2 speedup	1.723061	1.832860	2.031155	1.640981	1.369668
4 speedup	2.150042	2.639783	3.204711	2.465422	3.324810
8 speedup	5.316072	4.214454	5.138459	4.389028	5.634880
16 speedup	6.102740	8.130162	9.580421	4.974131	8.973721
1 efficiency	1.000000	1.000000	1.000000	1.000000	1.000000
2 efficiency	0.861531	0.916430	1.015578	0.820490	0.684834
4 efficiency	0.537511	0.659946	0.801178	0.616355	0.831203
8 efficiency	0.664509	0.526807	0.642307	0.548629	0.704360
16 efficiency	0.381421	0.508135	0.598776	0.310883	0.560858

THETA TABLE (nodes = 8, edges = 320000)

cores/theta	1	2	4	8	16
1 vote	1.901320	4.065089	7.426074	22.360655	52.682357
2 vote	1.333118	2.144249	2.150093	9.530929	37.586291
4 vote	0.655647	1.793618	2.631418	10.049971	9.008846
8 vote	0.423788	0.698952	1.288978	2.347504	2.256752
16 vote	0.293826	0.702741	1.341401	2.351012	2.120022
1 speedup	1.000000	1.000000	1.000000	1.000000	1.000000
2 speedup	1.426220	1.895810	3.453839	2.346115	1.401638
4 speedup	2.899916	2.266419	2.822080	2.224947	5.847847
8 speedup	4.486491	5.815978	5.761210	9.525288	23.344325
16 speedup	6.470910	5.784617	5.536057	9.511077	24.849914
1 efficiency	1.000000	1.000000	1.000000	1.000000	1.000000
2 efficiency	0.713110	0.947905	1.726920	1.173058	0.700819
4 efficiency	0.724979	0.566605	0.705520	0.556237	1.461962
8 efficiency	0.560811	0.726997	0.720151	1.190661	2.918041
16 efficiency	0.404432	0.361539	0.346004	0.594442	1.553120

THETA TABLE (nodes = 16, edges = 320000)

cores/theta	1	2	4	8	16
1 vote	1.917639	3.706366	6.034447	15.768424	49.075761
2 vote	2.079474	2.889899	4.164117	8.039812	21.921084
4 vote	0.389705	2.345943	1.909401	2.031863	13.598022
8 vote	0.523895	0.970628	1.873316	1.139181	6.317915
16 vote	0.108651	0.200646	0.389298	1.082076	1.314264
1 speedup	1.000000	1.000000	1.000000	1.000000	1.000000
2 speedup	0.922175	1.282524	1.449154	1.961293	2.238747
4 speedup	4.920746	1.579905	3.160387	7.760573	3.609037
8 speedup	3.660351	3.818523	3.221265	13.841894	7.767715
16 speedup	17.649562	18.472174	15.500850	14.572375	37.340883
1 efficiency	1.000000	1.000000	1.000000	1.000000	1.000000
2 efficiency	0.461087	0.641262	0.724577	0.980646	1.119373
4 efficiency	1.230186	0.394976	0.790097	1.940143	0.902259
8 efficiency	0.457544	0.477315	0.402658	1.730237	0.970964
16 efficiency	1.103098	1.154511	0.968803	0.910773	2.333805
